25
0 0 9 0 18 5 8 13 10 6 25 4 3 11 0 0 0 0 0 0 0 0 0 12 0
8 0 1 0 12 0 0 0 0 0 0 0 0 0 0 22 19 6 0 20 25 4 3 0 21
7 0 0 0 0 2 17 0 22 12 0 8 14 6 1 0 0 0 0 0 0 0 0 18 0
22 0 0 0 4 0 0 0 0 0 24 0 10 13 0 18 0 25 7 12 2 0 0 11 0
0 0 11 0 2 0 4 0 24 18 0 0 0 0 0 0 3 13 9 21 0 10 0 15 0
0 6 0 25 0 0 0 15 0 23 7 0 1 10 12 5 0 0 0 0 13 3 0 20 0
0 20 0 13 14 0 1 8 0 16 0 0 0 0 0 25 22 0 23 0 19 18 0 0 0
0 21 0 17 11 0 0 2 0 25 18 0 23 3 24 0 0 0 0 0 1 5 0 16 0
0 7 0 0 0 4 24 22 14 5 0 0 0 0 0 3 6 0 1 0 21 0 0 10 0
0 2 0 0 23 0 0 0 0 0 8 0 16 0 5 11 13 0 19 14 0 22 0 7 0
18 12 0 4 0 24 6 0 25 0 0 21 0 5 0 20 0 17 0 11 0 0 15 0 0
0 0 0 0 0 13 0 0 18 0 4 7 0 16 3 0 0 1 0 19 0 11 10 0 17
6 24 20 14 0 8 0 0 23 0 0 0 0 0 0 9 0 22 0 25 0 2 7 0 19
10 0 0 9 0 3 22 0 1 0 14 15 0 8 18 0 0 0 0 0 0 0 23 0 13
0 1 0 11 0 7 15 0 0 0 0 19 0 22 0 23 0 14 0 8 0 24 0 0 9
23 0 8 0 10 0 0 21 0 0 0 0 0 0 0 0 11 24 25 16 15 0 13 0 3
9 0 24 0 0 0 0 23 0 0 0 1 21 2 22 0 12 0 0 0 7 0 25 0 6
21 0 15 0 0 18 2 9 3 14 0 0 0 0 0 0 4 20 17 7 0 0 0 0 12
14 0 25 0 13 0 0 10 0 0 3 24 0 0 4 0 18 0 15 0 9 0 5 0 2
17 0 0 0 0 0 0 6 0 0 16 13 11 7 8 0 23 0 0 0 0 0 21 0 18
0 25 0 6 0 0 9 0 0 7 0 0 0 0 0 17 0 3 14 0 18 15 0 1 4
0 22 17 24 1 0 0 0 0 0 9 20 7 0 13 0 0 21 8 4 0 0 0 0 0
0 10 0 20 0 0 11 25 4 3 0 0 2 0 0 0 0 0 0 0 17 0 0 19 22
0 9 3 18 7 0 0 0 0 0 22 0 4 0 6 19 15 2 12 13 0 0 0 0 0
0 0 0 0 0 17 10 18 19 2 0 3 5 0 15 0 0 0 0 0 0 14 20 21 0

16
0 0 0 0 0 0 0 0 0 0 0 0 0 0 0 0
0 0 0 0 0 0 0 0 0 0 0 0 0 0 0 0
0 0 0 0 0 0 0 0 0 0 0 0 0 0 0 0
0 0 0 0 0 0 0 0 0 0 0 0 0 0 0 0
0 0 0 0 0 0 0 0 0 0 0 0 0 0 0 0
0 0 0 0 0 0 0 0 0 0 0 0 0 0 0 0
0 0 0 0 0 0 0 0 0 0 0 0 0 0 0 0
0 0 0 0 0 0 0 0 0 0 0 0 0 0 0 0
0 0 0 0 0 0 0 0 0 0 0 0 0 0 0 0
0 0 0 0 0 0 0 0 0 0 0 0 0 0 0 0
0 0 0 0 0 0 0 0 0 0 0 0 0 0 0 0
0 0 0 0 0 0 0 0 0 0 0 0 0 0 0 0
0 0 0 0 0 0 0 0 0 0 0 0 0 0 0 0
0 0 0 0 0 0 0 0 0 0 0 0 0 0 0 0
0 0 0 0 0 0 0 0 0 0 0 0 0 0 0 0
0 0 0 0 0 0 0 0 0 0 0 0 0 0 0 0

16
0 0 10 0 0 0 0 11 16 1 14 6 0 0 9 0
0 0 5 0 6 9 0 14 0 0 0 0 12 0 1 8
9 13 2 16 0 0 0 0 0 11 0 0 0 0 4 0
0 0 8 0 13 10 0 12 0 15 0 0 16 0 2 0
0 3 0 14 0 0 0 0 10 0 13 0 7 0 8 0
0 5 0 1 0 15 6 13 12 0 8 0 0 0 0 0
0 0 0 0 0 14 0 0 3 0 11 0 1 0 13 0
10 9 0 13 0 11 0 8 5 0 0 0 15 0 0 0
1 0 0 0 14 6 5 2 0 0 0 10 0 8 0 0
15 0 14 10 0 0 0 0 0 0 0 4 0 6 0 12
5 0 0 0 10 16 11 0 0 0 0 2 0 1 0 0
6 0 0 0 0 0 0 0 15 14 7 1 0 5 16 0
0 10 0 3 2 0 4 16 0 0 0 0 0 15 0 7
0 0 0 0 0 0 0 0 4 7 15 11 3 12 0 0
11 15 1 7 12 0 13 0 0 0 0 16 0 0 0 0
0 14 0 0 0 0 0 0 0 3 0 0 2 0 0 13

9
0 0 8 0 0 0 0 0 0
0 0 3 1 0 0 0 7 0
1 0 0 0 0 0 0 3 2
5 0 0 7 0 3 0 0 0
0 0 9 0 2 0 0 0 0
0 0 0 0 0 0 0 0 7
0 0 0 2 0 0 0 0 3
0 2 0 0 0 5 6 0 0
0 6 0 0 1 0 0 8 0

4
1 0 0 0
0 2 0 0
0 0 3 0
0 0 0 4